.Random.seed <-
c(403L, 10L, -1596037751L, -306568517L, 136662666L, 249997676L, 
-837071121L, 55286053L, 1073944540L, 1967175090L, -1172101971L, 
1765721191L, -2049983602L, -745825176L, 1796937835L, 1099235849L, 
566480024L, 608387014L, 804131617L, 34684851L, -1569138910L, 
1705011476L, -2109494889L, -1419478643L, -1033641820L, -791831926L, 
1352814837L, 1272215375L, -1862078378L, -294315264L, 48229955L, 
908924385L, 852083024L, 62691246L, 1146514777L, -121095317L, 
-1317356838L, 886676380L, 1342293919L, -903197195L, 23502988L, 
1383342434L, -2025956035L, -1497600585L, 1949702750L, 714714008L, 
-176078085L, 247859865L, 1625510696L, -179084842L, -194949551L, 
402484483L, 1529479314L, -1579231708L, -1000462105L, 1523064125L, 
-251987532L, 670918170L, 1082017125L, 1218341887L, 397707910L, 
584317456L, -1140350797L, -737821871L, -1574234368L, -116476450L, 
300187177L, 212858331L, 1316354794L, -2107410292L, -472127537L, 
373997445L, -1532195780L, -2109694702L, 813046285L, -247320249L, 
-173247698L, 42495624L, -840202357L, 559785833L, 1617434936L, 
-397188122L, 629945217L, 317221651L, -749431614L, 13971316L, 
-914902153L, -1488534419L, 359693060L, 2074968618L, -300372075L, 
695432239L, -1716269770L, 1156912480L, 1739936675L, -1858325311L, 
436286640L, -195767346L, 1628124985L, 1593591627L, -1681115910L, 
1394847228L, -2120417729L, 494994197L, 1349681196L, 1274134786L, 
-1335694883L, -755975977L, -137460802L, -979778056L, -1535368741L, 
-1109692359L, 508594568L, 1920935222L, -1091133583L, -232223325L, 
-1231515406L, 770968644L, -1449625849L, -936536355L, -1533388844L, 
27191034L, -251291067L, -1257956705L, -851462106L, -1080021840L, 
1545157971L, -2108397455L, 828700064L, 1172728126L, -538167223L, 
-380121861L, -1663998774L, 1157814828L, -853713361L, 124804837L, 
634606492L, -127093262L, -64507795L, 1565088167L, -996914226L, 
1359016232L, -278203605L, 1796690249L, -768137640L, -1285507322L, 
336704225L, 1872008819L, 1032716002L, -769490348L, -1323177129L, 
268963661L, 1460974308L, 670407370L, -638741707L, -1000580721L, 
894389910L, -205361600L, 712193795L, 1204219681L, 950605840L, 
-1981972498L, -889520231L, 44918827L, 630934810L, 34578396L, 
164020703L, -1861057099L, -1773730996L, 973349282L, 366678269L, 
-174678537L, 2090969886L, -1745848872L, 597159739L, -1670780711L, 
-880221080L, 1093351830L, 1386629393L, 612977347L, -36945198L, 
174031716L, 527509159L, 16855037L, -131585548L, -1268566310L, 
-606853083L, -1271388865L, 1931127494L, 1740752720L, 1906112371L, 
-1407174255L, 1946635200L, 1360723358L, 1273950057L, 1840802715L, 
-406244694L, 979573964L, 921945487L, -253402683L, 1238074748L, 
-1088647726L, -1835746995L, 406522887L, -1460294674L, 541029064L, 
-736719413L, -2098747351L, -1613902216L, -573846618L, -1158373951L, 
-1197278637L, 551235842L, 1137063988L, -1677925961L, -394320467L, 
-1436680508L, -1086631190L, -1707907755L, -1309517073L, -1266923274L, 
-2071533536L, 419166691L, -830297471L, -1632615184L, -516621426L, 
553768185L, 391462539L, -368038214L, 2076308252L, -1837117294L, 
-2116419200L, 546151444L, 1142626088L, 1482358330L, -1354726960L, 
1153098092L, 1938337716L, 834188818L, 891917280L, -1727441460L, 
-359701280L, 968976418L, -1970057432L, 1525573132L, -1362326724L, 
1686518770L, 1830212336L, 970867268L, 1069590104L, -255316166L, 
460647408L, -508076356L, -1764672236L, 377397442L, 239567968L, 
-1438314116L, -1901334576L, 1292519714L, -784376152L, 1453642636L, 
-111635268L, -1959581902L, 346894912L, 2016971956L, -593632184L, 
-1403788870L, -1324093936L, 1281730796L, 530821460L, -1849987310L, 
-1017457248L, 1787407052L, 1925162592L, 1187741634L, -285443288L, 
-52746836L, 1065023804L, 799987570L, -1747470032L, -235950300L, 
781483320L, 1736112858L, 1275275152L, 1946764028L, -1674457196L, 
447879234L, -846562048L, 967038012L, 1012278608L, -1654290270L, 
1673287496L, -1091801332L, -1199887652L, 147696466L, -144252288L, 
-1005606828L, 1178952680L, 1337669370L, 776057168L, -1493660884L, 
-1078567052L, -1739678830L, 1107451488L, 745963404L, 230155104L, 
1253359586L, -518905944L, -180427572L, -1690771972L, 329311154L, 
888844784L, 1982181828L, 85000536L, -1519790726L, -119729744L, 
352280508L, 1327632468L, 1888113602L, 1539472416L, 573717692L, 
-1429908912L, -1477601310L, -1388122520L, -459728308L, -1987809028L, 
377225202L, 1930286336L, 2069483380L, 1528659976L, 2118516154L, 
-1389894192L, 870857708L, 1343250324L, -1387015214L, 60213088L, 
-1616822964L, 562093344L, -562551934L, -1348619544L, 1215694060L, 
907805244L, -836115598L, 1627880048L, 1423151140L, 1419370296L, 
-499039078L, 1871321808L, 22808764L, 410351252L, -1139151230L, 
747044032L, -612314820L, -574183280L, -1273773534L, -315564536L, 
1600354572L, 1215695516L, -190781934L, 853403008L, 1937184276L, 
939429416L, 523261242L, -1961281584L, -670072212L, 365662004L, 
211688082L, 1734572384L, 732711244L, 208863200L, 2115991458L, 
1666420648L, -966286452L, -1436977476L, 111082354L, -177858320L, 
-413077436L, 272203096L, 1303389242L, -600122512L, 2089143356L, 
1152582420L, -33586750L, -29695776L, -190068868L, -989129008L, 
1732814498L, -192009176L, -328609524L, 1585564604L, 714202418L, 
-1099188288L, 734302772L, -973562936L, -1598278470L, 398409616L, 
1102835180L, -292081580L, -920473966L, -1813556448L, -1464523316L, 
-2059830304L, -678790462L, 927074856L, 993552044L, -683816260L, 
1785121266L, 107116848L, 1978834084L, -511264072L, 677131098L, 
1468790160L, -589028996L, 1792787732L, -6164158L, -1000039680L, 
491580348L, -1814777008L, -665732830L, -1372594872L, 1477597196L, 
-2097110948L, 2103196882L, 1213208576L, 1267022676L, -485287448L, 
-524709894L, -805187888L, -1052297940L, 457834740L, 2071803794L, 
975461472L, 751947020L, 934199008L, -119128734L, 467739304L, 
-686699956L, 661276540L, -1029813454L, -785418640L, 1628806468L, 
178682840L, -1462206342L, 1557657136L, -670539076L, 787728212L, 
-1795640766L, 1297015712L, -638492484L, -1296623152L, -666901150L, 
1697811432L, -1877471284L, -442394884L, 1345269746L, 1912913024L, 
267577940L, 890013413L, -78855441L, -275575256L, 1987701382L, 
-1668893517L, -2116429291L, -343004046L, 220047552L, -1633952471L, 
34055067L, 2028991596L, -1786144646L, -254819921L, -1209091911L, 
-656127282L, -1309767652L, -1777620083L, 301274615L, -94484224L, 
1398802270L, 1813291051L, 695729965L, 1910244250L, -792362664L, 
-419384127L, 1551512435L, 1200042132L, -1369017054L, -998792137L, 
-1867072255L, -1878032378L, -1253738940L, 1230425973L, 1208287967L, 
-856277448L, -459506154L, 1025913379L, -1129677339L, -344001534L, 
2055706224L, 1940386841L, -2106608117L, -1560648452L, 922347818L, 
-765620385L, -1614598423L, 419491326L, 343851500L, -726505155L, 
-1970652921L, 729704688L, 225383566L, -1072320837L, 680361629L, 
-1265759670L, -1671362456L, -513189807L, -1707816125L, -912835004L, 
213957874L, 1818589383L, 421763729L, 2057307158L, -1284919692L, 
-1023551227L, -4466865L, 1470726472L, 1126624486L, -122109421L, 
1542673781L, 1175169362L, -1203879520L, 1361270921L, 971075771L, 
-665425140L, 1408506522L, -106508273L, -719399847L, 213768430L, 
-371287172L, -254629907L, 1939497111L, -1950487712L, 1266584382L, 
2145281035L, -865753971L, -2085759558L, 20298744L, -1042622559L, 
1708011859L, -436121484L, -436821502L, 1056488599L, -653967775L, 
780838566L, -1309110620L, -1675007147L, 1150027775L, -354664L, 
1034509238L, -285749181L, -1934186107L, -462423518L, 851226896L, 
255905977L, 1922389355L, 116919388L, 120267146L, 927425919L, 
-974133047L, -147296930L, 791162380L, 1444184541L, 1732165863L, 
-393202416L, 1471208494L, 459039451L, 251933629L, -1425404630L, 
2132808136L, 1508781809L, 1836351587L, 1588425828L, -1667811438L, 
2137660519L, -616745935L, -1372996234L, 1505712788L, 1793403045L, 
1950346671L, -270117272L, 165613126L, -1291875341L, -646317227L, 
1869395250L, 2092243200L, -341556759L, 922874971L, -1611206996L, 
22587578L, -274316689L, 1571786745L, 592334478L, -603938980L, 
-547953715L, -1101913289L, 634108352L, 1063956126L, -1356908693L, 
